
xv6 kernel is booting

1 0 
1 1 
1 2 
1 3 
1 4 

1 0 
1 1 
1 2 
1 3 
1 4 

1 0 
1 1 
1 2 
1 3 
1 4 

1 0 
1 1 
1 2 
1 3 
1 4 

1 0 
1 1 
1 2 
1 3 
1 4 

1 0 
1 1 
1 2 
1 3 
1 4 

1 0 
1 1 
1 2 
1 3 
1 4 

1 0 
1 1 
1 2 
1 3 
1 4 

1 0 
1 1 
1 2 
1 3 
1 4 

1 0 
1 1 
1 2 
1 3 
1 4 

1 0 
1 1 
1 2 
1 3 
1 4 

1 0 
1 1 
1 2 
1 3 
1 4 

1 0 
1 1 
1 2 
1 3 
1 4 

init: starting sh
1 0 
1 1 
1 2 
1 3 
1 4 

1 0 
1 1 
1 2 
1 3 
1 4 

1 0 
1 1 
1 2 
1 3 
1 4 

1 0 
1 1 
1 2 
1 3 
1 4 

1 0 
1 1 
1 2 
1 3 
1 4 

1 0 
1 1 
1 2 
1 3 
1 4 

1 0 
1 1 
1 2 
1 3 
1 4 

1 0 
1 1 
1 2 
1 3 
1 4 

1 0 
1 1 
1 2 
1 3 
1 4 

1 0 
1 1 
1 2 
1 3 
1 4 

1 0 
1 1 
1 2 
1 3 
1 4 

1 0 
1 1 
1 2 
1 3 
1 4 

$ QEMU: Terminated
